YOLOv8

Precision 0.977980043025685
Recall:0.9791505791505791
mAP50:0.9898371160431183
mAP50-95:0.8155577143724033

Faster R-CNN

Precision: 0.9053
Recall: 0.832
mAP50: 0.9783916388704785
mAP50-95: 0.7867670282453595